99 13 9 1594206941 
40 19 26 279640165 
50 87 91 8838433 
3 10 34 1255069457 
37 79 8 790650034 
40 40 9 710770609 
14 59 16 452565444 
90 50 28 436876432 
42 76 50 1615602973 
11 92 6 1800875790 
92 16 26 2046246304 
17 42 11 340954627 
32 13 19 1423613356 
52 52 18 362411465 
41 87 12 823663881 
82 10 38 708687931 
17 12 18 1853913698 
17 55 66 722603650 
55 26 45 468638309 
80 56 83 130538298 
29 66 44 1138035380 
49 41 48 1822406928 
43 67 85 320758779 
17 34 72 173224095 
57 29 100 419530924 
82 36 79 757889009 
61 44 67 1511570659 
36 15 7 2122645161 
11 58 65 1503328304 
29 62 30 2128374636 
20 38 89 1022632733 
81 58 84 148044265 
99 77 85 390821982 
71 70 77 1117520966 
28 83 42 231425214 
67 85 27 1566365576 
8 14 47 1394346254 
42 6 96 1943267357 
28 83 33 242636358 
12 68 69 1029732914 
8 37 77 469624441 
61 35 29 110133603 
54 54 68 422968332 
73 86 56 1725154206 
42 59 81 482524407 
1 20 96 1267225851 
14 41 65 1581652186 
51 17 16 1008055484 
53 4 14 941954788 
86 1 70 985913193 
3 3 3 125 
