40 59 87 191139761 
78 39 63 1985830572 
31 71 29 1607071215 
26 16 100 1858561368 
20 58 59 1866834739 
4 54 52 1284332917 
31 9 97 41492052 
11 18 49 209543848 
12 75 5 1995605642 
55 71 77 101531270 
96 17 60 2143754685 

93 26 99 222382632 
12 17 11 1375838682 
84 52 92 685632159 
11 5 62 163148065 
40 88 2 365705975 
16 45 94 1712621173 
53 79 34 1015872800 
27 11 49 795098291 
81 80 42 2027093913 
30 9 76 40897412 
67 10 72 1921170221 
78 27 60 1025440205 
15 90 38 744556491 
73 58 41 159770899 
20 11 32 1764364202 
88 27 18 767317326 
33 28 31 1174949859 
22 44 88 1343453797 
