86 68 54 195550745
35 80 84 2016726207
30 89 65 645645926
6 82 23 2129171260
54 70 32 1592965984
76 56 57 1043912664
52 12 6 602065844
73 41 70 309095319
68 71 61 1744453338
22 66 40 1616850962
25 61 60 1590117891
9 18 74 2099284196
48 24 88 2119628544
53 91 37 1792275755
20 25 26 829761905
70 81 30 1328882924
37 4 56 435157164
94 73 38 1450216886
38 91 9 1501115386
43 64 27 1284295306
54 68 77 885895893
78 9 36 211295411
47 56 20 606034947
77 87 95 8426954
77 88 33 436665462
45 11 72 1157068490
13 96 17 754472468
71 63 97 1861225661
65 58 78 209575566
76 56 96 389869860
19 98 68 1240236963
83 78 21 1618574044
59 64 49 246922304
70 41 81 1099432935
97 55 78 1765129483
72 11 92 1482447126
39 54 64 318020378
21 50 37 1712740940
82 95 81 880707740
44 46 40 1960176761
63 21 30 1776512370
71 91 81 926124638
27 97 60 1350332619
89 93 35 2137056633
54 17 88 1527603436
38 5 87 1632259664
20 9 18 1791249290
37 33 21 1673751007
43 55 88 40915737
81 6 51 734640507
33 70 88 1265788083
91 21 63 1206096720
36 43 2 853585466
47 90 44 134120180
10 92 88 850238877
49 97 78 1636895864
60 40 35 1858932770
10 41 1 413671367
9 88 68 36418513
40 33 98 57874132
44 16 45 1157774649
83 41 49 2140341970
45 70 2 2043543767
86 49 17 833938202
7 100 89 1664352669
81 82 9 1132271679
80 37 53 2136024361
44 20 55 1853802053
4 38 32 477610594
39 69 8 1436467871
78 36 30 1895772233
88 48 16 208237888
68 48 73 2024251642
64 34 69 1258495904
89 65 37 24836078
34 85 97 847319342
53 32 69 653341360
26 90 78 1141039723
8 14 58 3436634
28 94 25 1153461844
22 64 66 130084430
27 33 69 928616860
55 78 4 570488775
38 85 32 164208548
4 7 1 1491833311
5 2 89 2081040095
98 25 56 1288677119
76 87 33 1235710183
82 43 42 747168399
53 80 98 1296027171
70 89 52 1067505931
63 85 45 708057478
8 28 58 59197614
83 73 10 1193877118
66 31 95 636042243
100 62 7 251400692
92 6 28 381020627
5 93 95 655869597
99 91 17 645651717
46 66 85 414750139
